Route 1: Drongensesteenweg > Palinghuizen
51.056123,3.6950215|51.057132,3.693728|51.058817,3.693042|51.060247,3.693256|51.061757,3.694093|51.063335,3.695188|51.064630,3.696668|51.065560,3.698414|51.0663037,3.6996797
Route 1: Palinghuizen > Drongensesteenweg
51.0663037,3.6996797|51.065626,3.698291|51.064911,3.696832|51.063981,3.695609|51.062699,3.694514|51.061715,3.693656|51.060501,3.693077|51.058775,3.692862|51.057291,3.693291|51.056123,3.6950215

Route 2: Palinghuizen > Neuseplein
51.0663403,3.6996189|51.065033,3.700953|51.064763,3.702099|51.064311,3.702721|51.065246,3.708378|51.065998,3.714160|51.066906,3.719280|51.067568,3.723428|51.067919,3.726872|51.067278,3.727012|51.0675256,3.7279489
Route 2: Neuseplein > Palinghuizen
51.0675256,3.7279489|51.067774,3.729524|51.067774,3.728372|51.067752,3.727169|51.068314,3.726911|51.068293,3.725363|51.067569,3.720514|51.066693,3.714788|51.065451,3.706654|51.064813,3.702321|51.065105,3.700945|51.0663403,3.6996189

Route 3: Blaisantvest > Dok-Zuid
51.0671252,3.7265261|51.0671252,3.7265261|51.067651,3.732896|51.064684,3.734398|51.062743,3.734613|51.060909,3.736244|51.058562,3.737617|51.0566022,3.7384317
Route 3: Dok-Zuid > Blaisantvest
51.0566022,3.7384317|51.056885,3.739787|51.057637,3.738032|51.059195,3.737165|51.062724,3.734729|51.065729,3.734138|51.067934,3.733065|51.067870,3.729452|51.066996,3.725156|51.066045,3.721936|51.0671252,3.7265261

Route 4: 
51.0567403,3.7383954|51.053071,3.740075|51.050454,3.742306|51.048296,3.745139|51.045274,3.743508|51.042549,3.740362|51.0386295,3.7360734
Route 4 (reversed): aangepast (eerste coordinaat verplaatst)
51.038475,3.7361291|51.040211,3.738432|51.040211,3.738432|51.045238,3.743763|51.047194,3.745867|51.048755,3.744377|51.050504,3.742390|51.052527,3.740294|51.054606,3.739480|51.056211,3.739003|51.056960,3.739748|51.0567403,3.7383954

Route 5:
51.0387676,3.7369532|51.038739,3.725349|51.041859,3.719743|51.045189,3.714376|51.047168,3.711036|51.049298,3.707196|51.049973,3.703212|51.053542,3.698512|51.0563336,3.6948482
Route 5 (reversed): begin- en eindcoordinaten aangepast
51.0562878,3.694686|51.053286,3.698568|51.050214,3.702621|51.050214,3.702621|51.046217,3.712753|51.046217,3.712753|51.038501,3.725720|51.0387044,3.736984

Route 6:
51.0524408,3.6997995|51.056699,3.709801|51.064251,3.717525|51.0674662,3.7277666
Route 6 (reversed):
51.0676392,3.7277188|51.065957,3.720930|51.061966,3.714707|51.056355,3.709128|51.0525111,3.6996632

Route 7:
51.0383924,3.7368828|51.042670,3.734427|51.046458,3.732484|51.047186,3.733725|51.048645,3.734024|51.049725,3.734968|51.051721,3.732672|51.054365,3.730312|51.056159,3.728274|51.058384,3.727587|51.059598,3.724883|51.062592,3.724990|51.065626,3.726771|51.0674005,3.7271503
Route 7 (reversed):aangepast
51.0674005,3.7271503|51.063397,3.725591|51.058484,3.727587|51.056059,3.728207|51.053945,3.730963|51.051883,3.732575|51.049591,3.734274|51.048271,3.734072|51.047068,3.734149|51.045804,3.734745|51.045065,3.735455|51.044079,3.736272|51.042861,3.736141|51.039906,3.737196|51.038916,3.737034|51.0383145,3.7364872

Route 8:
51.1930377,3.8300059|51.166660,3.825102|51.124661,3.777037|51.098796,3.756437|51.0737354,3.7335761
Route 8 (reversed):
51.0737354,3.7335761|51.110179,3.764300|51.146427,3.802901|51.172429,3.829207|51.1930957,3.8301995

Route 9:
51.0876298,3.7564962|51.087102,3.775548|51.081605,3.793714|51.073941,3.805833|51.066359,3.809519|51.056608,3.815433|51.036088,3.825256|51.023384,3.816610|51.014768,3.796824|51.008101,3.781629|51.005398,3.763968|51.009519,3.747376|51.0140239,3.7265974
Reverse (aangepast):
51.0133637,3.7262748|51.004853,3.760911|51.008031,3.773628|51.022616,3.815449|51.042282,3.824408|51.065280,3.810223|51.083571,3.788594|51.0876276,3.7568133

Route 10:
51.0139684,3.7292348|51.016628,3.710428|51.028160,3.702830|51.035691,3.685074|51.055163,3.670208|51.073329,3.657985|51.0861469,3.6714516
Reverse:
51.0862678,3.6713718|51.060496,3.660705|51.038209,3.680286|51.017844,3.706962|51.013171,3.7289439

Route 11:
51.0856268,3.6693085|51.101418,3.716356|51.142373,3.740408|51.177917,3.757554|51.1976122,3.7856338
Reverse (aangepast):
51.197676,3.7855493|51.182084,3.760638|51.160571,3.748343|51.125231,3.730615|51.101357,3.715460|51.0857536,3.6692094

Route 12:
51.0387794,3.6271859|51.043219,3.645006|51.053007,3.657897|51.053817,3.677730|51.0562087,3.6953683
Reverse:
51.0562087,3.6953683|51.054216,3.679944|51.053677,3.659173|51.046123,3.648015|51.0387794,3.6271859

Route 13:
51.0838685,3.7949244|51.077779,3.782186|51.070203,3.769550|51.061432,3.759227|51.0572052,3.7391772
Reverse:
51.0572052,3.7391772|51.056280,3.739252|51.057274,3.741888|51.057274,3.741888|51.057274,3.741888|51.061285,3.759671|51.066364,3.766363|51.071504,3.772518|51.079445,3.784771|51.0838685,3.7949244

Route 14:
51.0229775,3.7354755|51.026758,3.737081|51.031698,3.739892|51.036246,3.738165|51.040153,3.736050|51.043687,3.733957|51.046742,3.732659|51.0485311,3.7313863
Reverse (eindpunt aangepast):
51.0485311,3.7313863|51.0485311,3.7313863|51.044965,3.731417|51.042306,3.734122|51.039721,3.735739|51.035402,3.738391|51.029190,3.738537|51.027172,3.736972|51.023366,3.7341826

Route 15: (WERKEN TOT JUNI 15!!):
51.0103155,3.7912421|51.014266,3.786004|51.018524,3.780905|51.024471,3.773489|51.028844,3.767000|51.033683,3.756803|51.036948,3.750499|51.039571,3.745029|51.0415136,3.7409548
Reverse (aangepast):
51.0415136,3.7409548|51.040032,3.744004|51.037903,3.748134|51.035073,3.753832|51.030580,3.762917|51.026165,3.770763|51.021412,3.776916|51.015983,3.783729|51.010176,3.7910158

Route 16:
50.9802196,3.667998|50.985838,3.673992|50.991972,3.680557|50.996601,3.685947|51.000265,3.690468|51.004006,3.695044|51.006890,3.698616|51.010593,3.703158|51.014685,3.707412|51.020335,3.709332|51.024166,3.709538|51.0384331,3.726382
Reverse (aangepast):
51.0385796,3.7263818|51.038467,3.723704|51.037084,3.722595|51.036087,3.721773|51.036483,3.721983|51.035341,3.720970|51.033839,3.720492|51.031338,3.720205|51.029511,3.719307|51.028032,3.717338|51.027286,3.714566|51.025120,3.709892|51.021873,3.709089|51.019120,3.709280|51.016979,3.708630|51.014273,3.706986|51.009222,3.701270|50.998034,3.687410|50.988890,3.677011|50.983835,3.671620|50.9802937,3.6678399

Route 17:
51.085339,3.6634923|51.082287,3.669459|51.076733,3.680683|51.072964,3.688034|51.068994,3.695822|51.066334,3.699637|51.0642801,3.702627
Reverse:
51.0642801,3.702627|51.067655,3.698254|51.072673,3.689100|51.079229,3.675508|51.082628,3.668901|51.085339,3.6634923
